4.8370
2.3595
4.8943
5.3757
5.2506
5.1827
5.8317
6.3027
3.0603
6.8288
5.3894
5.0915
2.3635
4.4813
5.6935
5.1514
2.7341
6.3349
3.3541
6.2105
4.0954
5.4706
4.9556
4.9682
5.5409
3.5771
2.7580
2.9656
5.9859
5.4378
5.6364
1.7116
5.5680
2.6587
3.0988
5.4735
6.0580
6.2724
5.5977
3.9580
4.2167
5.5978
5.7972
4.6976
2.8850
4.4256
5.8278
5.2955
6.1028
4.5464
3.8386
6.3870
6.1739
5.9976
6.0081
6.3030
2.3819
3.3094
6.2772
5.3675
2.6946
6.5299
5.7074
7.5959
2.9052
4.7093
4.4613
4.9615
6.9292
5.2442
5.2274
2.8889
2.8924
5.0132
5.6269
6.4792
3.1046
4.8970
6.1961
4.5123
5.5703
3.8420
4.0469
5.9923
5.8890
4.2611
5.4193
5.1611
5.8069
2.8884
3.9366
3.9966
4.5396
3.8600
1.9877
5.7099
4.8960
2.5994
6.1893
4.6629
6.0659
5.1494
5.2515
5.3247
5.6540
6.2878
2.4942
4.6060
3.5603
5.4011
2.5611
4.4155
5.1263
5.6045
4.4729
2.4320
5.0484
5.9577
3.0876
5.2470
6.8857
4.6193
3.9183
6.0572
2.7639
3.6110
3.7212
4.7252
4.8427
5.6572
6.0187
5.1035
5.1167
7.1323
6.1223
6.3250
4.7769
6.5018
5.8409
3.5470
5.6987
4.7604
6.0812
2.7756
4.9892
5.8990
2.9388
3.7475
4.6315
6.7143
4.5763
5.9210
2.9303
5.5823
5.5525
5.6195
5.3006
3.6180
2.7303
5.7385
4.9733
4.8564
5.7028
3.9339
5.5287
2.9573
4.0564
5.8631
5.8819
4.4222
4.5887
5.1035
2.3597
6.4826
5.2942
2.7227
4.8497
4.1839
4.4365
5.2539
4.7454
4.5969
3.9071
5.0773
2.5452
2.9352
2.3564
4.4150
4.6574
5.0622
6.1469
7.0669
5.1722
2.1178
4.8502
5.4544
3.0533
5.9429
6.0851
5.6406
5.2742
5.8850
5.1785
5.1098
5.1968
3.8407
2.6138
5.2797
6.0093
6.1794
4.1812
5.4781
7.0136
5.0759
5.5321
2.8073
5.8724
3.1376
4.4402
5.0774
5.5232
3.7843
4.9958
5.6746
5.7674
7.5253
6.2022
6.3419
6.0673
3.8600
5.9880
6.3027
6.1884
5.9219
3.9805
5.1554
5.5548
5.5785
3.1398
4.7934
4.3904
3.1036
4.0539
6.2929
2.4646
4.6625
6.8903
5.2940
5.6347
4.9224
6.0940
3.5687
2.9621
5.4636
6.2423
3.1969
3.6861
3.9296
3.2194
4.9273
2.3603
3.5709
6.2921
4.8410
3.0094
3.1362
5.4336
3.6786
4.5278
5.0868
5.1400
4.1356
6.2156
4.9120
5.5548
6.6033
5.3043
5.9188
4.9400
5.5600
4.7016
6.1590
4.8094
2.6634
4.8968
5.6526
2.2289
6.2869
5.2737
2.9127
4.6165
5.4250
5.4933
5.4969
5.9648
5.7166
2.5551
6.0738
3.8174
5.9137
4.3266
4.5701
4.8756
6.0245
5.3549
4.9832
6.0005
2.1238
4.9449
4.0863
5.9861
2.6235
5.2935
4.9467
2.9844
4.8744
5.3002
4.8502
4.9992
5.7774
6.3066
3.0960
4.7395
5.3005
3.2471
5.0643
7.0335
5.3441
2.1775
4.6365
4.6528
6.4566
3.0046
6.0245
4.9143
5.9669
3.8632
5.0165
5.1978
3.2194
5.8201
4.8632
5.6676
1.6770
4.6806
4.2203
5.8437
4.9921
2.9115
3.8749
4.7106
6.1242
6.1773
5.7866
4.2155
2.9637
4.4309
4.2358
4.3238
2.9935
6.1989
5.3729
4.9783
0.3799
4.7146
4.6577
2.6762
3.1360
4.0069
5.3510
4.1828
4.2852
6.6653
3.8019
5.3502
4.8368
3.0333
4.8634
3.8632
5.2482
2.8910
5.1709
5.8140
6.0612
5.0759
3.2241
5.1071
6.5855
5.6715
5.6867
5.0594
2.9301
3.4728
3.9094
3.8019
2.9304
4.8494
5.8341
5.7873
4.1818
4.7765
3.5485
5.7358
5.8466
2.9656
5.7557
2.8982
3.8407
5.2815
2.6463
4.3358
5.7557
6.1223
5.0923
5.1141
2.3800
5.1347
5.5229
3.9839
5.2196
2.3351
5.2327
5.8819
5.4168
3.0613
5.8855
4.8374
6.3341
5.4162
3.0660
5.4148
6.1854
5.4661
4.6283
6.3385
6.1980
5.0990
1.2442
6.1906
3.5219
4.2918
4.5175
5.0529
4.8188
5.5577
4.8135
3.7782
5.5684
4.4326
5.9606
2.9978
4.1269
4.1592
5.1932
5.4874
2.5806
5.7990
5.7816
4.5143
5.0547
4.5833
4.2222
6.3475
2.4724
6.4914
5.3714
6.1725
4.9783
3.9966
6.1535
5.1814
1.6699
7.2239
6.7882
4.6841
4.3737
5.5186
4.7328
5.8090
4.5201
6.2132
6.1811
5.5953
4.7274
3.0519
4.8942
5.9829
5.1326
4.5431
6.3870
2.4418
5.5297
6.6523
5.9965
3.0199
4.1422
6.5691
3.5345
4.0054
4.9435
6.9134
7.3604
4.1989
5.2514
5.0077
5.2374
2.9457
3.4517
3.9831
4.9393
5.1687
5.6258
6.1414
5.1464
7.5342
6.2546
5.0336
5.1005
3.9245
3.9475
2.6756
3.1578
5.4714
5.6055
3.4463
4.4458
1.9978
4.7321
0.3799
2.9211
3.8876
6.4873
4.9620
2.5764
5.7009
4.7164
6.1414
5.0189
2.1272
6.4120
5.1855
5.3013
5.3771
5.0876
3.1599
4.1366
2.7627
6.0427
2.6466
5.5722
3.0329
1.4021
5.0877
5.0162
5.5321
6.1355
5.1003
5.9933
5.7819
4.8698
4.8643
5.8526
4.1525
4.6771
3.0527
4.3882
5.0950
2.2103
2.9685
5.7077
4.9058
4.6359
4.8094
4.6566
6.3884
6.0812
5.2260
6.1159
2.9177
5.8010
5.3903
4.7893
5.4507
5.1827
5.7030
6.1566
5.4487
4.4129
4.8539
6.8584
5.5699
4.5315
5.7465
5.7856
4.4001
0.3799
4.8319
6.8065
1.6500
5.2501
5.7262
4.3018
5.8275
4.9347
3.2995
5.9605
4.8789
4.6091
4.6622
2.8207
3.5507
3.2915
4.1720
2.9896
6.6986
5.1201
6.0886
5.3714
5.2623
3.1388
4.3238
5.6146
5.6814
1.9248
5.5003
2.9708
3.4707
5.4618
6.4920
4.3131
4.5232
6.1028
5.1990
5.5951
5.2454
5.3936
6.9434
3.1712
2.6130
6.8586
5.8971
4.1994
4.9160
5.3048
3.1523
5.8337
3.8430
5.6695
2.7646
6.3144
4.9490
5.2465
5.6815
5.5499
2.9866
5.2263
6.4455
5.0319
4.5241
6.0314
4.0271
4.1184
2.4640
5.1351
3.2718
6.0255
3.4941
5.5953
5.6507
5.4323
4.7466
5.2497
7.3562
5.0384
5.9237
4.3083
5.2130
2.4909
4.3234
6.3512
5.6961
4.0560
2.4697
2.8851
5.8711
2.9674
4.2964
7.6675
5.0279
3.1755
5.7642
5.5339
5.3975
4.0239
6.3692
2.9210
4.8510
4.9930
7.1618
3.7624
4.8295
6.0837
6.7094
4.7146
5.7688
3.3430
6.5691
2.8024
5.6879
4.2955
6.1860
5.7950
5.2145
2.7702
4.7749
4.8756
4.1915
7.0261
6.7090
3.1561
5.1993
5.5959
3.6859
5.8556
3.8163
7.1178
4.3509
4.4234
3.2095
4.4292
5.3798
3.7959
6.0659
3.0378
4.7607
6.1093
2.8508
5.8051
3.8462
5.5432
3.2076
4.1962
4.5346
6.0509
6.6671
6.8536
2.8194
5.0231
5.8815
6.4644
4.7407
5.3588
6.4744
5.8128
4.7366
5.1804
5.5959
5.2327
5.4414
6.0224
7.0620
4.2618
4.1080
5.0110
4.2849
4.6189
4.3374
4.2203
5.3162
5.3352
2.8641
3.1429
6.3528
5.9894
5.9553
5.1000
5.8305
5.1899
5.1155
5.8526
5.5085
4.7620
4.8043
6.7103
3.3284
6.2998
5.0457
2.8779
6.0827
4.5461
5.3096
2.4276
5.0334
4.3904
6.4603
5.9572
5.7904
2.8347
5.6140
2.8024
4.7044
5.6994
5.8969
7.0679
4.1306
4.5394
5.1805
4.9237
4.7816
5.0448
6.0152
0.9509
5.5881
6.1578
5.5490
5.7191
5.9382
3.7208
4.3703
4.7980
5.3951
5.6144
5.4955
5.0407
5.8607
4.8632
7.3894
5.2242
4.0510
6.3195
5.4433
2.4783
5.2325
5.4154
5.1350
2.7553
5.5881
5.4978
4.8451
5.6585
5.1003
5.0519
5.6861
3.5433
4.3552
6.9449
3.4507
4.8184
5.6788
2.6643
6.7926
6.3340
4.7171
6.3995
6.8239
4.5462
5.4487
3.0634
3.1236
5.4828
6.4143
4.6098
5.5889
3.3230
3.5847
3.1299
4.1791
5.5866
6.1212
5.7068
4.2703
5.3253
0.3799
3.5633
4.9149
6.7590
5.2391
5.5707
6.2704
3.9580
6.3736
2.4762
5.6771
6.4178
5.3025
5.6482
3.9249
5.8700
5.5655
6.4480
5.3748
3.5325
5.7442
4.9444
4.4662
3.9580
3.1243
5.3805
4.3796
5.1370
4.5600
7.6032
6.4421
1.7133
5.1402
2.8347
5.3977
6.7973
5.4668
4.5711
6.2143
6.0166
4.9498
4.7754
4.0008
4.7489
7.3604
4.9600
6.4120
2.7714
4.8251
3.4855
4.2569
5.6386
3.1725
5.1645
5.9774
6.2373
4.0644
0.3799
3.3552
2.7550
6.6788
0.9250
6.3092
6.0381
2.6270
3.3665
5.1141
4.9600
5.1073
6.5837
4.3054
5.9385
5.7214
4.3509
6.6166
4.9752
3.7343
2.5159
5.8504
7.4199
5.3180
1.0856
5.4641
4.8052
5.6532
6.1211
5.2486
5.0361
2.7534
5.7662
5.9543
5.0806
5.6122
6.2161
5.1172
5.6986
6.1387
5.5771
4.6685
4.0848
2.9444
6.0056
4.8792
5.3042
5.1687
3.9916
2.9465
5.4587
5.1228
6.2732
2.9236
6.5289
3.1508
5.9298
5.8328
6.2848
6.3381
5.6754
4.5547
4.2031
4.1936
4.2097
6.3341
5.1668
1.9949
5.1406
4.1728
6.0612
